0 258
0 544
0 8
0 435
0 14
1 344
2 552
2 471
2 565
2 410
3 197
3 463
3 601
4 170
5 490
5 2164
6 251
6 490
7 258
8 258
8 435
8 14
8 751
9 453
9 308
9 761
9 481
10 420
10 519
10 192
10 193
10 280
11 624
11 659
12 84
12 155
13 1234
13 578
13 482
14 258
14 437
14 400
14 393
14 232
14 544
14 746
14 242
14 708
14 31
14 736
14 268
14 384
14 613
14 751
14 435
14 443
15 234
15 701
15 254
15 152
15 399
15 253
15 129
15 538
15 322
15 80
16 552
16 466
16 566
16 1697
17 146
18 747
18 427
18 745
18 890
18 866
18 1932
18 127
19 74
19 571
20 640
20 732
20 25
20 334
20 267
21 438
21 294
21 1378
21 567
22 163
22 129
22 2257
22 1790
22 191
23 41
23 759
24 39
24 269
25 1181
25 1897
25 778
25 456
26 747
26 2612
26 1129
27 84
27 532
28 611
28 1606
28 1718
28 586
29 426
29 319
29 382
29 429
30 679
30 231
30 1148
30 285
30 2276
31 1116
31 250
32 679
33 250
33 1591
33 1701
34 559
34 66
34 565
34 566
34 35
36 745
36 1591
36 1066
36 2072
36 1974
36 2390
36 1701
36 1933
36 257
37 563
38 219
38 372
38 563
38 273
38 1689
39 82
40 761
41 1733
41 889
41 94
41 1982
41 725
41 533
41 2456
41 1713
41 892
41 352
41 115
41 888
41 1716
42 163
42 793
42 188
42 189
43 747
43 576
44 686
44 2428
44 88
45 1459
45 490
45 492
45 220
46 489
46 238
46 301
46 867
47 87
48 1783
48 2682
48 2456
48 725
49 581
49 643
50 581
50 583
50 643
50 150
51 645
51 2559
51 772
52 430
52 228
52 2487
52 2580
52 478
53 803
53 243
53 1563
53 1439
54 523
54 1687
54 2334
54 712
54 615
55 163
55 1905
55 361
55 1832
55 844
55 1784
56 1027
56 967
56 778
57 552
57 1459
57 565
57 306
57 967
58 1891
58 536
58 990
58 2495
59 570
59 576
59 1520
59 839
59 1709
59 872
59 874
60 552
60 562
60 565
60 252
60 688
61 240
62 324
62 332
62 2425
62 945
62 2474
62 2566
62 423
63 739
63 1546
63 210
63 153
64 583
64 289
64 486
64 284
65 743
65 744
66 2359
66 1248
66 2294
66 69
66 215
66 2310
66 1531
66 2441
66 2122
66 183
66 1698
66 149
66 2520
66 288
66 2157
67 729
68 1979
68 979
68 1845
68 1632
68 2007
68 522
68 1825
70 1521
70 1692
70 255
70 931
70 999
70 1986
71 929
71 677
71 2442
71 1559
71 1923
71 661
71 1641
71 74
72 747
72 745
72 771
72 202
73 747
74 906
74 1024
74 1017
74 1103
74 871
74 949
74 1220
74 1634
74 680
74 604
74 2513
74 2266
74 154
74 975
74 2654
74 2284
74 2335
74 505
74 511
74 987
74 2013
74 252
74 345
74 1676
74 622
74 547
74 881
74 787
74 2390
74 1928
74 263
74 661
74 2124
74 310
74 377
74 867
74 2421
74 193
75 1123
75 2122
75 2299
75 1854
75 1855
75 288
75 1354
76 869
76 1128
76 131
76 975
76 694
76 1934
76 345
76 181
76 2532
76 250
76 2390
76 661
76 2327
76 1548
76 392
76 518
77 337
78 766
78 560
78 157
78 2681
78 469
78 214
79 438
79 2207
80 2044
81 647
82 1378
82 565
82 548
82 1440
82 305
82 239
82 410
82 1553
82 295
83 747
83 294
84 347
84 1240
84 1241
84 715
84 998
84 155
84 950
84 1803
84 1347
84 1550
85 552
85 294
85 465
85 565
85 425
85 2368
86 735
86 652
86 249
86 373
87 383
87 2245
87 719
87 2021
88 251
88 762
88 587
88 116
88 225
88 760
88 682
88 208
88 371
89 638
89 430
89 635
90 680
91 747
91 745
92 552
92 2438
92 1259
92 565
92 136
92 479
93 759
93 725
94 126
95 759
95 161
95 1255
95 358
96 438
96 649
96 478
96 2061
97 439
98 1954
98 615
98 2696
99 759
99 1852
99 1803
99 2578
99 1613
99 2592
99 1619
99 1722
99 2679
99 1255
100 1611
100 265
100 758
101 1112
101 331
101 2680
101 2686
102 404
102 2012
102 1824
102 1893
102 1895
102 2333
102 1964
102 2583
103 294
103 465
103 471
103 565
103 128
104 747
104 771
105 1326
105 2434
105 248
106 597
107 1288
107 250
107 898
107 498
107 108
107 1937
108 1288
108 250
108 898
108 498
108 304
109 640
109 635
109 535
109 1296
109 1888
109 1074
109 459
109 672
109 884
109 2315
109 778
109 1661
109 171
109 955
109 507
109 488
109 967
109 2053
109 2054
110 747
110 745
110 687
111 350
112 747
112 624
112 881
112 572
113 747
114 171
115 138
115 904
115 2153
115 1713
115 2421
116 686
116 2428
117 345
117 513
117 155
117 452
118 465
118 565
118 636
119 430
119 228
119 686
120 2175
120 1184
120 1959
120 188
121 1990
121 1825
121 731
121 595
122 1093
122 124
122 127
122 2400
123 553
124 747
124 2400
124 127
124 745
125 160
125 394
125 1857
126 2208
127 747
127 2228
127 2400
127 745
128 294
128 565
129 163
129 2363
129 2446
129 1973
129 1409
129 188
129 2220
129 2165
129 2451
129 538
129 2193
129 1204
129 1728
130 640
130 459
130 672
132 346
133 608
133 611
133 394
134 1118
134 1782
134 505
134 2135
135 418
135 654
136 1259
136 2399
136 2487
136 2580
136 1370
136 2172
136 1479
136 2543
136 1776
136 244
136 1413
136 159
136 1102
136 2231
136 2635
136 986
136 479
136 1539
137 748
137 138
137 416
138 748
138 892
138 416
138 1713
138 1716
139 2361
139 188
140 323
141 163
141 1184
141 188
142 823
142 1318
142 1547
142 520
142 1283
142 230
142 227
142 391
143 201
143 180
143 337
143 346
143 363
144 188
144 444
144 2102
145 163
145 1646
145 2521
145 2286
145 390
145 1224
145 1218
145 2248
145 2251
145 2280
145 2296
145 1530
146 747
146 427
147 479
148 1649
148 1687
148 656
148 460
148 210
150 643
151 1595
151 1528
151 360
152 1383
153 747
153 294
154 392
155 513
156 521
156 236
156 431
156 314
157 1017
157 2230
157 1375
157 1637
157 1075
157 393
157 2680
157 897
157 716
157 1289
157 2019
157 2540
157 979
157 1038
157 214
157 766
157 2021
157 1718
157 560
157 181
157 740
157 2095
157 916
157 1452
157 371
157 1550
157 1340
157 2417
158 184
158 598
158 433
158 707
159 2172
159 2066
159 2543
159 2674
159 985
160 2681
160 469
160 2540
160 1857
160 322
161 759
161 713
161 996
161 2311
161 1147
161 684
162 173
162 775
163 402
163 659
163 1696
163 2295
163 1274
163 1286
163 1544
163 2600
163 2363
163 1905
163 1611
163 1807
163 1110
163 174
163 2521
163 1792
163 1675
163 1334
163 813
163 1799
163 1943
163 2077
163 765
163 769
163 781
163 940
163 942
163 1590
163 1734
163 1872
163 2286
163 390
163 1717
163 1030
163 2274
163 2518
163 606
163 800
163 1575
163 546
163 1070
163 309
163 935
163 1205
163 1571
163 1971
163 1127
163 530
163 856
163 2604
163 910
163 2173
163 191
163 1253
163 1728
163 1729
163 1206
163 2177
163 1136
163 1457
163 2265
163 1225
163 2563
163 1689
163 1498
163 563
163 2396
163 717
163 1890
163 188
163 982
163 1130
163 346
163 2673
163 1379
163 1380
163 1207
163 2451
163 961
163 624
163 1573
163 2232
163 2361
163 2659
163 743
163 744
163 1139
163 1572
163 1303
163 1305
163 415
163 2204
163 1224
163 219
163 2667
163 727
163 448
163 237
163 2557
163 2200
163 1218
163 2202
163 1069
163 1178
163 2175
163 966
163 1219
163 757
163 1685
163 1691
163 1850
163 1159
163 1410
163 380
163 1536
163 1650
163 1558
163 2564
163 2298
163 1362
163 1784
163 1831
163 1065
163 290
163 1277
163 395
163 1098
163 1404
163 1099
163 2196
163 2554
163 1715
163 2248
163 2251
163 2280
163 2296
163 1113
163 714
163 2638
163 602
163 1530
163 1257
163 2259
163 689
163 1060
163 2039
163 1594
163 2116
163 1775
163 422
163 2316
163 266
163 658
163 1333
163 1153
163 1515
163 1114
163 523
163 1106
163 1467
163 793
163 189
164 740
164 517
165 432
166 649
166 457
166 1125
167 552
167 1459
167 554
167 559
168 475
168 1756
168 2604
168 1728
169 570
169 212
170 250
172 430
172 635
172 245
173 552
173 294
173 565
173 566
173 1378
173 575
173 2485
174 501
174 503
174 2409
175 747
176 379
176 756
177 430
177 635
177 2192
177 965
177 885
177 1489
177 1959
177 911
178 378
178 286
179 608
179 611
179 331
180 350
181 766
181 662
181 518
182 468
182 491
183 539
183 454
183 541
184 428
184 432
184 433
185 324
185 332
185 389
186 747
186 294
186 566
186 588
187 462
188 721
188 755
188 717
188 415
188 757
188 380
188 262
188 523
188 189
189 2664
189 395
189 2102
190 519
190 2223
190 356
191 294
191 448
191 395
192 420
192 705
192 510
192 193
192 280
192 519
192 439
193 238
193 2549
193 280
193 420
193 519
194 673
195 735
195 707
195 196
196 216
196 707
197 295
197 633
197 749
198 747
198 655
199 591
199 640
200 1891
200 536
200 1464
201 350
201 427
201 1718
201 1990
202 747
202 427
202 771
202 204
203 747
203 2499
203 359
204 747
204 1645
204 1811
204 597
204 2410
204 2650
204 741
204 274
205 747
205 427
205 745
205 600
206 1028
206 1488
206 1490
206 1891
206 536
206 1042
207 747
207 688
207 1676
207 1536
208 430
208 635
208 1569
208 2343
208 1270
209 415
209 2334
209 2704
210 552
210 1459
210 295
210 738
210 644
211 325
211 645
211 1527
211 2076
212 570
212 576
213 490
213 492
213 734
214 469
214 587
215 478
215 2380
215 2061
215 696
216 735
217 747
217 2355
217 685
218 378
218 478
218 1290
219 402
219 1325
219 1738
219 2563
219 1689
219 563
219 846
219 757
219 1404
219 712
220 552
220 295
220 490
221 629
222 581
222 643
223 430
223 686
224 1819
224 597
224 1601
225 686
225 2428
226 617
227 638
227 438
227 378
227 478
227 823
227 1318
227 1547
227 2319
227 296
228 2465
228 2617
228 1692
228 259
228 900
228 323
229 747
229 477
230 427
230 1283
230 520
230 1284
230 406
230 391
231 486
231 285
232 613
232 268
233 1990
233 595
234 747
235 747
236 430
236 1617
236 1270
236 1271
237 329
237 1060
238 489
238 301
238 1815
239 552
239 1378
239 565
240 2652
240 2308
241 763
242 1006
242 574
243 728
243 357
244 565
244 750
245 1636
246 560
247 2257
247 500
247 2446
247 1973
247 563
247 982
247 1261
247 1117
248 1326
248 398
248 2088
248 419
249 2649
249 652
250 427
250 577
250 694
250 708
250 736
250 639
250 498
250 499
250 584
250 304
251 2560
251 932
251 1877
251 482
251 1505
251 865
252 294
252 562
252 688
253 1815
253 2670
254 1176
255 569
255 767
255 421
256 635
256 2369
256 928
256 430
256 2225
256 634
256 983
257 667
257 480
258 400
258 544
258 1031
258 268
258 1111
258 751
258 435
259 582
259 320
260 2559
260 1527
260 1324
260 419
260 619
260 2524
260 2166
260 2069
261 345
261 626
262 266
262 793
262 1980
263 2421
263 668
264 638
264 635
265 758
267 459
267 732
267 334
268 613
268 616
268 2571
268 2046
270 467
270 339
270 342
270 495
270 573
270 276
271 718
271 2056
272 516
272 914
272 1551
273 372
274 566
274 478
275 464
276 467
276 342
276 2115
276 2546
276 1993
277 552
277 523
277 294
277 483
277 567
278 1898
278 324
278 326
279 464
280 519
280 2549
281 858
281 460
282 589
282 592
283 523
283 747
283 565
283 2093
284 583
284 486
285 486
285 1148
286 378
286 2195
286 1963
287 591
287 640
287 549
288 2380
288 1377
288 2037
288 2157
289 1534
289 1535
289 1537
289 612
289 2568
289 1498
289 1278
290 2220
290 1911
290 1839
291 487
292 759
292 904
293 576
293 387
294 1353
294 502
294 1438
294 665
294 638
294 554
294 1672
294 807
294 699
294 633
294 636
294 2476
294 2430
294 465
294 466
294 477
294 483
294 564
294 565
294 566
294 588
295 471
295 565
295 1782
295 2078
295 1012
295 1316
296 638
296 438
296 1236
296 692
297 809
297 1321
297 441
298 552
298 410
299 746
299 2083
299 596
299 1827
299 2110
300 1621
300 593
301 489
302 428
302 432
302 598
303 426
303 1174
303 478
303 2091
304 427
304 1461
304 1912
305 552
305 565
305 410
306 552
306 554
306 565
306 967
306 1376
307 735
307 598
308 2028
308 1456
310 747
310 2513
310 668
311 552
311 406
312 427
312 645
312 772
312 577
313 1354
313 1377
313 801
313 534
313 1642
314 1073
314 1596
314 1726
314 1244
314 1684
314 509
315 747
316 344
317 417
317 2326
317 508
318 426
318 445
318 2310
318 991
318 2333
318 686
318 2427
318 1173
318 1644
319 1273
321 566
321 1954
321 1192
321 2179
321 2305
322 2508
322 1027
322 1644
322 967
323 1322
323 2560
323 2467
324 326
324 389
324 327
324 332
325 1201
326 327
327 945
327 1899
327 1532
328 747
328 2619
330 747
330 576
330 359
330 731
330 354
331 774
332 389
332 1064
333 477
333 565
333 566
333 463
335 344
335 426
335 378
335 585
336 747
337 346
337 363
338 627
339 1549
339 1602
339 495
339 342
340 529
340 341
340 709
341 529
341 709
342 1945
342 2546
342 1993
342 467
342 776
342 495
342 729
342 1800
342 2016
343 1274
343 1571
343 530
343 1303
343 1098
343 1577
343 1523
344 1622
344 2617
344 2609
344 1671
344 1881
344 2339
344 2441
344 2229
344 963
344 1442
344 1445
344 2589
344 1312
344 1627
344 2032
344 2171
344 1267
344 1275
344 2290
344 2291
344 1260
344 348
344 1244
344 675
344 521
344 2426
344 1007
344 2215
345 2389
345 2266
345 1924
345 2421
345 622
346 363
347 713
347 998
347 999
347 452
348 638
348 1596
348 1244
349 747
350 730
350 770
350 664
350 427
350 351
351 730
352 904
352 1372
353 747
353 427
354 576
354 839
354 1072
354 1520
355 576
355 745
355 1562
355 1093
355 1094
355 2068
356 510
357 2089
357 803
357 537
357 1563
358 1255
359 2499
359 2376
359 1787
359 2567
359 2505
359 1871
359 1320
359 2422
359 2498
359 2322
359 808
359 1342
359 1068
360 698
362 747
362 2191
364 590
364 366
364 365
365 590
365 2572
365 2112
366 590
367 552
367 483
367 565
367 440
368 611
368 747
369 747
370 552
370 562
370 875
371 2507
373 652
374 552
374 455
375 638
375 635
375 1576
375 836
376 558
376 641
376 704
377 622
378 960
378 2012
378 2195
378 2042
378 1238
378 585
378 1644
378 1290
378 1207
378 692
378 1275
378 2290
378 2291
378 1963
378 396
378 2447
378 2583
378 1027
378 1061
378 1678
378 1539
379 756
380 1737
380 1784
380 2641
380 2196
380 1473
380 1474
380 1257
380 934
381 430
381 2342
381 686
381 635
382 1236
382 2132
382 1837
383 638
383 631
385 565
385 567
386 611
386 747
386 745
388 439
388 2590
389 577
389 1937
391 427
391 438
391 1283
394 608
396 478
397 747
397 2346
397 659
398 419
398 776
399 427
399 1250
399 1251
400 2354
400 2360
400 555
401 2462
401 577
401 632
401 442
402 403
402 681
402 538
403 2302
403 2104
403 2309
405 1592
405 1285
405 753
406 427
406 2307
407 512
407 2439
407 1763
407 1298
407 1875
408 630
409 2582
409 753
409 1606
409 1298
410 565
411 1891
411 512
411 2594
411 1470
411 536
411 2582
411 1600
411 2232
412 552
412 688
413 611
414 1174
414 1877
414 908
414 1442
414 1445
414 440
415 523
415 995
415 789
415 2664
415 2103
415 1737
415 1832
415 1836
415 1790
415 2353
415 712
416 1713
416 2510
416 1913
417 508
418 479
418 1312
418 1269
418 1198
418 740
419 1527
419 1326
419 1747
420 2214
420 2590
420 519
420 439
422 1069
422 1685
422 1691
423 557
423 558
423 1290
423 2425
423 1934
424 571
425 565
426 2369
426 1576
426 836
426 1187
426 2126
426 1486
426 937
426 1275
426 1061
426 1528
426 2431
427 2044
427 2295
427 1274
427 1766
427 1914
427 2255
427 1103
427 1811
427 2383
427 493
427 2453
427 1760
427 665
427 2574
427 2388
427 1399
427 1405
427 494
427 610
427 587
427 2258
427 823
427 1318
427 526
427 1547
427 2412
427 1037
427 2306
427 1283
427 1284
427 2658
427 698
427 1975
427 584
427 2448
427 2683
427 1488
427 954
427 2437
427 916
427 1999
427 674
427 946
427 1577
427 658
427 696
427 461
427 1340
427 561
427 477
427 2024
428 598
428 433
428 432
429 1290
429 1514
430 2487
430 1617
430 2593
430 1637
430 683
430 2033
430 1165
430 1792
430 2197
430 2137
430 1020
430 524
430 1698
430 1284
430 651
430 1207
430 2343
430 547
430 1568
430 632
430 2557
430 686
430 1270
430 635
430 1569
430 634
431 1608
431 2137
432 598
432 433
434 1339
434 597
434 2473
435 751
436 635
438 550
438 607
438 616
438 710
438 692
438 720
440 562
441 638
442 635
442 1908
444 753
445 690
446 552
446 554
447 630
447 1501
447 1471
449 638
449 566
449 479
449 1539
450 954
450 2558
450 646
451 552
451 2537
451 2666
452 513
453 591
453 2156
453 706
453 1712
453 2059
453 2354
453 2455
453 1566
453 1358
453 1661
453 2092
453 2098
453 2099
453 1449
453 514
453 2618
453 1269
453 876
453 1025
453 2034
453 549
453 1124
454 539
454 1368
454 541
455 552
456 1560
456 569
456 1296
456 2455
456 2653
456 2099
456 1748
456 549
456 672
457 649
458 747
458 745
459 640
459 1705
462 1644
462 2582
463 477
463 483
463 564
464 467
464 573
465 523
465 2027
465 2672
465 2368
465 466
465 565
465 566
466 552
466 565
466 566
467 2000
467 495
467 729
467 2016
468 1713
468 896
468 2377
468 491
470 478
471 1045
471 1632
471 1859
471 621
472 552
472 566
472 1006
472 650
473 552
473 1459
474 635
474 698
476 605
476 1091
476 1056
477 1645
477 1766
477 2409
477 2658
477 565
477 566
477 745
478 523
478 565
478 618
478 520
478 497
478 754
478 568
478 479
479 649
479 1354
479 1627
479 2636
479 2300
480 2570
480 667
480 2270
482 551
482 578
483 552
483 933
483 749
483 650
483 566
484 641
484 642
484 1574
485 2514
485 711
485 2380
485 1838
485 2561
486 1597
486 1278
486 1148
486 2276
487 538
488 591
488 549
488 2053
489 747
489 2670
489 1815
490 492
490 734
491 2377
491 2318
492 565
492 1741
492 2323
492 1186
492 734
492 2419
494 747
496 2393
496 501
496 1896
496 663
497 2342
499 1287
499 1288
500 2444
500 1767
500 563
501 503
501 663
502 747
502 565
502 567
502 2536
503 1813
503 1952
503 2396
503 1851
503 2029
504 702
506 514
507 2427
507 549
507 798
507 2391
507 1888
507 2548
508 523
508 2326
509 669
510 519
510 2223
511 611
514 569
515 2164
515 637
517 1198
517 1170
517 2509
518 766
518 662
518 2532
519 2608
519 705
519 2223
519 2549
519 2590
519 2448
520 719
520 524
521 638
521 1259
521 2312
521 1081
521 1082
522 525
523 870
523 2442
523 2600
523 1616
523 2551
523 910
523 882
523 1214
523 1687
523 1931
523 2408
523 961
523 2642
523 1676
523 540
523 1790
523 565
523 2480
523 551
523 1921
523 717
524 1454
524 1169
525 1425
525 684
525 1419
525 1427
526 747
527 747
527 2606
527 1656
527 2662
527 1968
528 678
529 709
531 2187
531 693
531 1490
533 777
535 1560
535 672
535 761
537 606
537 1204
538 2309
538 1738
538 1689
538 2165
538 2193
538 1204
538 1036
539 1123
539 1665
539 1210
539 1209
539 1453
539 541
540 543
540 603
540 1121
540 1640
541 1123
542 747
542 1203
542 779
544 751
545 747
548 552
548 565
548 1859
548 1860
549 591
549 640
549 574
549 672
550 569
550 2423
550 1422
551 2215
551 2473
552 644
552 653
552 554
552 559
552 723
552 688
552 621
552 636
552 738
552 749
552 671
552 691
552 575
552 601
553 2459
554 1859
554 565
554 875
555 615
555 556
555 2354
556 2354
556 2360
556 615
557 558
558 2660
558 1934
558 2463
558 1137
558 1816
558 905
558 1641
558 1532
558 1555
558 2034
559 1816
559 1378
559 2341
560 1375
560 2287
560 955
560 938
560 740
560 1452
561 747
561 745
562 1401
562 2014
562 2018
562 1889
562 671
562 1117
562 1183
564 565
564 738
564 1841
565 1782
565 1440
565 2027
565 1401
565 1585
565 2442
565 1012
565 1376
565 1616
565 1316
565 644
565 1438
565 773
565 842
565 1957
565 1213
565 910
565 1741
565 882
565 2672
565 1546
565 2118
565 1859
565 1529
565 1727
565 1540
565 621
565 633
565 738
565 2472
565 2642
565 1676
565 1975
565 671
565 691
565 1790
565 1378
565 566
565 2480
565 575
565 2485
565 2628
565 2629
565 1373
565 601
566 1459
566 1782
566 1544
566 733
566 1447
566 2221
566 699
566 688
566 2658
566 633
566 858
566 1816
566 671
566 2480
566 2485
566 588
566 1643
567 1828
567 970
568 843
569 1181
569 767
569 1273
569 1092
569 1712
569 1522
569 1986
569 1457
569 1430
569 2099
569 710
569 1269
569 1000
569 1025
570 2026
570 1258
570 1381
570 1200
570 1243
570 1246
570 1524
570 1709
570 1922
570 1814
570 872
570 874
570 1245
570 1067
570 576
570 1520
571 2331
571 2495
571 1762
571 2694
572 747
572 624
572 881
574 640
574 672
574 1962
574 2360
574 2475
574 1827
574 1006
574 2040
575 882
575 1378
575 2485
575 738
575 843
576 605
576 863
576 2026
576 1258
576 1381
576 1526
576 1200
576 1524
576 1710
576 1922
576 726
576 1801
576 834
576 839
576 1814
576 1014
576 2552
576 1932
576 874
576 1245
576 1067
576 731
577 2660
577 1502
577 2492
577 1532
577 2034
578 1877
578 1122
578 1333
579 611
579 747
579 696
580 922
580 1212
580 1497
580 581
580 1126
580 1215
582 818
582 1792
582 1498
583 2398
583 2568
583 1214
583 1278
583 1126
583 643
583 2371
584 639
585 911
585 1275
585 2290
585 2291
585 1061
585 2091
587 2239
588 747
588 699
589 592
589 1509
591 2690
591 2155
591 1186
591 1358
591 2475
591 2182
591 848
591 1032
591 1105
591 2054
591 640
591 672
592 1144
592 1509
593 594
594 1122
594 1621
594 1194
597 675
599 747
600 747
600 745
600 1052
601 611
601 1741
602 1114
602 2334
603 1047
603 1640
603 670
604 668
605 676
607 1306
607 1055
607 821
608 2230
608 680
608 975
608 611
609 747
609 719
610 747
611 899
611 2230
611 2501
611 1103
611 2340
611 2352
611 718
611 864
611 2505
611 1755
611 1763
611 2050
611 716
611 1732
611 2540
611 2676
611 2385
611 1668
611 633
611 1352
611 1493
611 1116
611 1564
611 1488
611 2378
611 938
611 1265
611 1935
611 1499
611 2260
611 1315
611 2325
611 1079
611 719
612 2568
612 1046
612 1348
612 629
613 2571
613 616
613 2107
613 2496
614 615
616 2046
618 638
620 747
621 1859
621 738
623 2341
623 1172
623 637
623 2140
623 1937
623 1064
624 700
624 659
625 700
625 659
626 687
627 1057
627 1562
627 1679
627 1270
628 747
629 1535
629 1537
631 1057
631 1562
632 2508
632 635
632 1909
632 683
632 1582
633 1459
634 635
634 1570
634 2593
634 1513
634 686
635 683
635 722
635 660
635 651
635 686
635 640
636 2027
636 2173
636 2672
636 2174
636 2204
636 2233
636 764
636 1573
636 2687
638 2465
638 2146
638 701
638 862
638 722
638 1808
638 1189
638 1460
638 1312
638 1468
638 1895
638 2673
638 2171
638 2541
638 2045
638 1327
638 779
638 1027
638 2426
638 1539
638 1919
638 2409
639 1763
640 1363
640 1897
640 2475
640 732
640 2054
641 1739
642 697
643 1121
643 1904
643 2489
645 742
648 693
649 2560
649 2294
649 2581
649 2403
649 2123
649 752
649 1643
650 656
650 1006
650 1557
653 2480
654 1260
655 747
656 773
656 657
657 1581
658 1577
659 695
661 1191
663 2393
664 978
665 747
666 745
667 2570
667 2270
667 2072
667 1974
667 2227
667 1356
667 1928
667 867
668 1508
668 975
668 2413
668 2414
668 2683
668 1315
668 2562
671 1459
671 1599
672 2329
672 2004
672 1386
672 1343
672 2360
672 1363
672 2696
672 1460
672 1293
672 1003
672 1004
672 2653
672 924
672 2040
675 2215
675 2339
675 1442
675 1445
675 1429
676 1091
676 1056
676 1014
680 747
681 2309
681 712
682 1791
682 2430
683 686
683 1860
684 1425
684 1550
684 779
685 747
686 1273
686 760
686 1698
686 2541
686 2557
687 745
687 1157
687 2381
687 1564
687 2683
687 1700
687 1704
687 741
688 1248
688 835
689 1826
689 1580
689 967
690 2457
691 1649
691 2658
691 1557
692 1191
693 1501
693 1471
695 747
695 1967
696 747
696 1672
698 1431
699 747
700 747
700 879
701 1644
703 747
703 2233
705 1910
708 1116
710 847
712 2664
712 1965
712 1036
714 2089
714 1218
714 1035
714 1299
714 833
717 2502
717 1877
717 2568
717 1122
719 747
719 1133
719 1112
719 1838
719 2561
719 1666
724 747
724 2612
726 1418
726 1068
727 1136
727 1016
727 1799
728 1016
728 943
728 1127
728 1305
728 1466
729 1945
729 1993
730 770
730 1889
731 1450
731 1778
731 808
731 1656
732 1897
735 1956
735 2527
735 2106
735 2649
736 1116
737 747
737 2024
738 1585
738 1376
738 1213
738 1741
738 1727
738 2628
738 2629
738 1183
740 929
740 1703
740 1559
740 1664
740 1667
740 1683
741 747
741 1157
742 1240
742 772
743 2030
743 2659
743 2077
743 2316
743 744
744 2030
744 2077
744 2316
745 1756
745 1763
745 1157
745 2162
745 771
745 2165
745 1564
745 2437
745 962
745 1932
745 1700
745 1704
745 2325
745 1886
745 2336
745 1884
745 1885
747 763
747 771
747 779
748 1933
748 1926
748 1941
749 1459
749 2485
752 1621
755 757
755 2058
755 1404
757 846
757 1965
757 2058
758 1980
760 2428
763 2355
763 1879
764 910
764 1573
764 2687
764 769
764 1581
764 2174
764 1311
766 979
766 2532
768 772
770 1285
772 1502
772 2166
772 2167
772 1240
772 1241
772 2076
772 1147
773 1643
773 1687
774 2707
774 1493
775 1459
775 875
776 1326
776 2166
776 2088
779 1203
780 1139
780 1598
781 846
781 1184
781 1533
782 1532
783 1328
783 1812
783 1407
783 1155
784 845
784 1613
784 1338
784 917
785 1328
785 1812
785 862
785 1155
785 1513
786 1363
786 1003
786 1004
786 791
787 1287
787 1288
787 1437
788 2341
788 2425
788 945
788 2323
788 1414
788 1268
789 1409
789 1206
790 2057
790 1234
790 1510
791 1560
791 1003
791 1004
791 1661
792 1095
792 798
793 1110
793 959
793 1334
793 1694
793 1330
793 1734
793 943
793 1070
793 1205
793 1127
793 856
793 1380
793 1139
793 1069
793 1691
793 1455
793 1715
793 1249
793 1333
793 1467
794 795
795 865
796 1629
797 1645
798 1433
798 1095
798 1105
799 1122
799 2656
799 1699
799 1706
800 1136
801 1475
801 1542
802 973
802 1168
803 1563
803 1439
804 1459
804 1697
804 1585
804 1664
805 930
805 990
806 1354
806 1138
806 1121
807 1672
807 1438
808 863
808 1450
808 1320
808 1342
809 1190
809 1229
809 1639
809 1222
809 1044
809 908
809 1615
809 812
809 814
809 919
809 1080
809 1365
809 1129
810 1287
810 1718
811 910
811 1140
811 1253
812 1044
812 1080
812 1365
812 814
812 1341
813 1523
814 1044
814 1365
814 1321
814 1129
814 1080
815 1523
815 880
816 1203
816 881
817 1125
817 1212
817 818
817 819
817 1367
818 1125
818 1212
818 1215
818 819
819 1212
819 1215
819 1154
820 1146
820 1252
820 829
820 1115
821 1389
821 1421
822 1484
822 1644
823 1283
824 1215
824 1621
824 1707
825 1215
825 1707
826 1273
826 1606
826 1457
826 1422
826 1237
827 1527
827 909
827 1894
827 913
828 1457
828 1422
829 1252
829 962
830 1252
831 2243
831 2466
831 885
832 1701
832 1052
833 1218
833 1796
833 2001
833 1516
834 1067
834 1520
834 1814
834 1821
835 1248
836 1595
836 1266
837 1007
837 1489
837 1686
838 1458
839 1072
839 1520
839 1526
839 1709
839 874
839 1067
840 1196
841 1240
841 2559
842 1540
843 1101
843 2658
844 1184
844 934
844 974
844 1784
846 2173
846 1533
846 2204
847 1402
847 1468
847 848
847 1032
847 967
848 1388
848 1739
848 1400
848 1468
848 1607
848 1223
848 1032
848 967
849 1720
850 917
851 1491
852 1654
852 1015
853 1053
853 1732
853 1019
853 2423
854 1178
854 2598
854 1231
854 2211
855 1654
855 1338
856 1016
856 1153
857 1125
857 1483
857 2060
858 1084
858 2035
858 991
858 2556
858 2303
859 1198
860 1184
860 1940
860 1911
860 934
861 1236
861 1431
861 1678
862 986
862 1019
862 2423
862 1812
862 2364
862 1513
862 1407
862 1155
863 2499
864 1079
865 2560
865 932
865 1505
866 890
867 1493
868 1643
868 1649
869 1374
870 1687
871 1591
872 1520
873 1520
873 920
874 1520
875 933
875 1192
876 1269
876 1006
876 1025
877 1569
877 1010
877 1578
877 1651
878 1023
878 1472
879 979
880 1523
881 1256
881 1203
881 1119
881 2295
881 2702
881 2203
881 2405
881 1411
881 2454
881 2423
882 1378
882 1012
882 1616
882 1316
882 1529
883 1665
883 1210
884 1658
885 1335
886 1295
887 1531
887 983
888 1731
888 896
889 904
889 2153
889 1713
889 892
891 1437
892 904
892 1713
892 1716
893 1259
893 1174
893 1290
894 1255
895 1436
896 1372
897 1240
898 1687
899 1672
899 1564
899 1565
900 1351
900 1583
900 1533
900 1207
901 1497
901 1553
901 1554
902 1174
902 910
902 964
902 965
902 966
902 981
903 1491
903 1672
904 1733
904 1372
905 1287
905 1393
905 976
905 1397
906 1860
906 1019
907 1252
908 2304
908 919
909 1527
909 1894
909 913
910 1589
910 1673
910 1131
910 1432
910 1590
910 1140
910 1253
910 982
910 1573
910 1311
910 964
910 966
910 1221
910 981
910 1481
910 1117
911 1354
912 1240
912 1241
912 1149
912 1150
914 1551
915 1172
915 1294
916 1038
916 2686
916 2373
916 2374
917 1338
918 1252
919 1129
920 1520
921 1265
921 1725
922 1416
922 1233
922 923
923 1126
923 1416
923 1233
924 1480
924 1309
924 1539
924 1460
925 1532
926 1112
926 1019
927 1328
927 1019
928 1636
928 983
929 1697
929 1559
929 2442
930 1254
930 1062
931 1484
931 1053
931 1000
931 1463
932 1505
934 1353
934 940
934 1009
934 1631
935 1136
936 1515
937 1234
938 1127
938 2196
939 1242
941 1717
941 1441
942 1153
943 1016
943 1466
943 1646
944 1335
944 1337
945 1287
945 1414
946 1600
946 1179
947 1328
948 1281
948 1282
948 1446
949 1512
949 1608
950 1240
950 1241
951 2605
951 1554
951 1401
952 1660
952 1064
953 972
954 1461
954 1591
954 969
955 1280
956 1178
956 995
956 2598
956 1231
957 967
958 1409
959 1130
960 1292
960 1301
961 1515
963 1519
964 1673
964 1432
964 1140
964 965
964 966
964 1481
965 1673
965 1432
965 1590
965 1140
965 1253
965 966
965 981
965 1481
965 1060
966 1673
966 1131
966 1140
966 1481
967 1394
967 1400
967 1561
967 1032
968 1285
970 1378
970 1396
970 974
970 1533
971 1527
971 1326
971 2166
971 1602
973 993
975 1079
976 1287
976 1393
976 1268
977 1234
978 1954
978 1593
978 1825
979 1845
979 1825
980 1488
981 1140
983 1636
983 1531
983 1302
983 1002
983 1735
984 1048
985 2038
985 2066
985 1102
986 2484
986 1642
986 2616
986 2605
986 1644
986 2614
987 1240
987 1608
988 1515
989 1418
989 1068
990 1774
991 1084
991 1368
992 1354
994 1354
995 1690
995 1178
995 2139
995 1971
995 1985
995 1230
995 1231
995 1232
995 1495
995 2673
996 1015
997 1271
998 1240
998 1241
999 1512
999 1240
999 1463
1000 1185
1001 1354
1002 1735
1003 2146
1003 2028
1003 2483
1003 1343
1003 1364
1003 1469
1003 1897
1003 1004
1003 2182
1004 2146
1004 2483
1004 2350
1004 1343
1004 1364
1004 1469
1005 1313
1006 2360
1006 2040
1006 1025
1007 2217
1007 2426
1007 1919
1008 1569
1008 1011
1008 1486
1009 1079
1009 2175
1010 1061
1010 1569
1010 1011
1010 1651
1010 1182
1010 1578
1011 1569
1013 1156
1014 1091
1014 1056
1015 1338
1016 1110
1016 1070
1016 1205
1016 1729
1016 1305
1016 1670
1016 1466
1017 1574
1018 1136
1018 1142
1018 1139
1019 1256
1019 1290
1020 1322
1020 1328
1020 1329
1020 1337
1020 2577
1021 1464
1022 1282
1023 1090
1024 2338
1024 1335
1024 1053
1025 1238
1025 1290
1025 1388
1025 1712
1025 1449
1026 1433
1026 1105
1027 1322
1027 1336
1027 1388
1028 1435
1028 1037
1028 1042
1028 1610
1029 1090
1029 2456
1030 1136
1030 1946
1030 1796
1031 1328
1032 1335
1033 1174
1034 1178
1034 1730
1035 1216
1035 1218
1036 1662
1037 1470
1037 1042
1037 1610
1038 1196
1039 1354
1040 1354
1041 1321
1042 1435
1042 1043
1043 1435
1044 1365
1044 1341
1045 1540
1046 1345
1046 1121
1046 1344
1046 2706
1047 1344
1047 1345
1047 1348
1047 1354
1047 1355
1047 1420
1049 1498
1049 1329
1049 1292
1050 1389
1050 1306
1050 1591
1050 1492
1050 1499
1050 1171
1051 1052
1051 2576
1052 1066
1053 1463
1053 1607
1053 1197
1053 1568
1053 1191
1054 1249
1055 1284
1055 1059
1057 1484
1057 1359
1057 1307
1058 2454
1058 1211
1060 1136
1060 1523
1060 1890
1060 2039
1061 1578
1061 1651
1061 1244
1062 1323
1062 2651
1062 1254
1063 1136
1063 1153
1063 1628
1063 1065
1064 1937
1065 1305
1065 1153
1065 1106
1065 1279
1067 1801
1067 1814
1068 2499
1068 2500
1069 1096
1069 1685
1069 1455
1070 1153
1071 1498
1071 1329
1071 1292
1072 1520
1073 1636
1073 1112
1073 1569
1073 1182
1074 1174
1075 1340
1076 2461
1076 1086
1076 1078
1077 1153
1078 2461
1078 1086
1079 1389
1079 1103
1079 1724
1079 1718
1079 1315
1080 1321
1080 1129
1081 1259
1081 1082
1082 1259
1082 2312
1083 1660
1084 2035
1085 1292
1086 1240
1086 1527
1086 1545
1086 1582
1086 1641
1087 1512
1088 1565
1089 1354
1091 1288
1092 1484
1093 1659
1093 2085
1093 2228
1094 1659
1094 2085
1094 2228
1095 1360
1095 1456
1095 1433
1097 1393
1098 1305
1098 1911
1099 1178
1100 1464
1101 1328
1101 1111
1102 1174
1102 1370
1102 1479
1102 1413
1103 1579
1104 1260
1104 1262
1105 2356
1106 1305
1107 1328
1107 1617
1108 1503
1108 1504
1108 1506
1108 1507
1109 1328
1109 1570
1109 2151
1110 1728
1110 1729
1111 1328
1111 1339
1111 1412
1111 2292
1111 1570
1112 1403
1112 2415
1112 1512
1112 1618
1113 1153
1113 1380
1114 1696
1114 1588
1114 1261
1114 1603
1114 1371
1114 1117
1115 1252
1116 1593
1117 2089
1117 1588
1117 2332
1117 1225
1117 1261
1117 1603
1118 1540
1119 1203
1119 2405
1120 1677
1120 2275
1121 1344
1121 1138
1121 1640
1122 1534
1122 1194
1123 1188
1123 1176
1123 1483
1123 1354
1123 1674
1123 1680
1124 1566
1124 1567
1125 1496
1125 1483
1126 2489
1126 1497
1126 1212
1126 2371
1126 2372
1127 1153
1128 1288
1128 1393
1129 1190
1129 1222
1130 1334
1131 1253
1132 1309
1133 1666
1134 1264
1134 2281
1135 1174
1135 1442
1135 1444
1136 1286
1136 1740
1136 1575
1136 1142
1136 1558
1136 1516
1136 1594
1136 1333
1136 1523
1137 1459
1137 1687
1138 1344
1138 1597
1138 1420
1138 2706
1139 1572
1139 1598
1140 2294
1140 1311
1141 1240
1141 1241
1141 1172
1143 2429
1143 2165
1143 1404
1144 1509
1145 1323
1146 1676
1147 1240
1147 1241
1147 1347
1148 1534
1148 1597
1148 1355
1149 2044
1149 1891
1149 1323
1149 1150
1150 1323
1150 1630
1151 1350
1152 1453
1153 1611
1153 1675
1153 1205
1153 1219
1153 1410
1153 1455
1153 1257
1153 1204
1154 1531
1155 1328
1155 1812
1155 1601
1155 1407
1157 1700
1157 1704
1158 1550
1158 1555
1159 2564
1159 1485
1160 1166
1161 1560
1161 1592
1161 2423
1161 2657
1161 1702
1161 2324
1162 1613
1163 1534
1163 1497
1163 1498
1164 1626
1164 1570
1164 1584
1165 1327
1167 1330
1167 1331
1167 1332
1169 1284
1169 1454
1170 1198
1172 2341
1172 2108
1173 1328
1173 2583
1174 1297
1175 1325
1175 1628
1176 1592
1176 1285
1176 1354
1176 2272
1177 1180
1177 1627
1177 1620
1177 1519
1178 1476
1178 1736
1178 1737
1178 1688
1178 1690
1178 1230
1178 1231
1178 1232
1178 1362
1180 1620
1181 1431
1182 1569
1182 1726
1182 1684
1182 1578
1183 1193
1183 1202
1184 1362
1184 1784
1184 2199
1185 1521
1186 1309
1186 1268
1187 1234
1188 1354
1189 1643
1189 1687
1190 1321
1191 1290
1191 2423
1192 2150
1192 2473
1194 1621
1195 1323
1195 1630
1195 1203
1197 1484
1197 1290
1197 2634
1198 1296
1198 1683
1199 1702
1199 1550
1200 1520
1201 1240
1203 1630
1203 1411
1204 2624
1206 1544
1207 1333
1208 1429
1208 1434
1209 1215
1210 1453
1211 1520
1211 1247
1212 1497
1212 1552
1213 1649
1214 1635
1215 1699
1215 1707
1216 1719
1216 1571
1216 1299
1217 1349
1218 1571
1218 1299
1218 1424
1218 1670
1218 1516
1218 1530
1220 1484
1220 1608
1220 1618
1221 2703
1221 1797
1222 1321
1223 1335
1223 1422
1223 1607
1224 1333
1224 2673
1225 1333
1226 1234
1226 1290
1227 1236
1228 1649
1228 1687
1228 1688
1228 1693
1229 1615
1230 2598
1230 1231
1230 2470
1231 1985
1231 2086
1231 1232
1231 1495
1232 2598
1232 2211
1234 1263
1234 1275
1234 1510
1235 1512
1235 2508
1236 1669
1237 1484
1237 1422
1237 1521
1237 1457
1238 1500
1238 1550
1238 1290
1239 1387
1240 1241
1240 1347
1240 1527
1241 1347
1241 2559
1243 1524
1243 1245
1244 1596
1245 1520
1245 1524
1246 1520
1249 1734
1249 1408
1249 1728
1249 1473
1249 1474
1250 1251
1252 1634
1252 1485
1252 1477
1253 1311
1254 1464
1256 1644
1256 2675
1257 1872
1257 1719
1257 2175
1257 2087
1257 2259
1258 1520
1259 1944
1259 2213
1259 2312
1260 1269
1260 1312
1260 2090
1261 2089
1263 2585
1264 1738
1265 1725
1266 1576
1266 1301
1266 1663
1267 1512
1267 1335
1267 1500
1268 2419
1268 1898
1268 2140
1268 2323
1268 1414
1268 1757
1268 1842
1269 1312
1269 2618
1270 2342
1270 1335
1272 1281
1272 1282
1272 1346
1272 1451
1272 1604
1273 1422
1274 1303
1274 1305
1275 2617
1275 2290
1275 2291
1276 1503
1276 1504
1276 1506
1276 1525
1277 1533
1277 2470
1277 2152
1277 1476
1277 2277
1278 1534
1281 1604
1281 1471
1281 1282
1281 1451
1281 1346
1282 1494
1282 1471
1282 1446
1283 1318
1283 1547
1283 1284
1285 1298
1285 1382
1287 1414
1287 1437
1287 1397
1288 1502
1288 1414
1288 1593
1288 1461
1289 1452
1290 2080
1290 2329
1290 1712
1290 1918
1290 2169
1290 1644
1291 1548
1293 1592
1293 1600
1293 1606
1293 2284
1298 1592
1299 1392
1300 1320
1300 1342
1301 1595
1301 2346
1303 2347
1303 2202
1304 1354
1305 1740
1305 1575
1306 1499
1306 1310
1307 1657
1308 1503
1308 1504
1308 1506
1308 1507
1310 1499
1312 1428
1312 1622
1313 1623
1313 1655
1313 1382
1314 1529
1315 2595
1315 2452
1317 1354
1319 1391
1322 1622
1322 2539
1324 1543
1324 2076
1324 1747
1325 2309
1325 2170
1326 2144
1326 2161
1326 2434
1326 1602
1326 1747
1327 1569
1328 1423
1328 1584
1328 1513
1328 1412
1328 1568
1328 1644
1329 2127
1329 1986
1333 1514
1333 1369
1333 1708
1333 1467
1334 1696
1335 1512
1335 1478
1335 1607
1335 1337
1335 1339
1336 1478
1337 2343
1337 2300
1338 1654
1339 2677
1339 1570
1339 2443
1339 1678
1342 2454
1343 1364
1343 1456
1343 1363
1344 1345
1345 1640
1346 1451
1348 1535
1348 1537
1351 1498
1352 1672
1352 2674
1353 2302
1353 2317
1354 1695
1354 1420
1354 1465
1354 1426
1354 1674
1354 1680
1355 1640
1355 1648
1356 1430
1357 1461
1357 1511
1358 1567
1358 1661
1361 1463
1362 2175
1363 2168
1363 1364
1363 2475
1363 2653
1364 1705
1364 1469
1366 2513
1366 2413
1366 2414
1366 2239
1366 2562
1366 1373
1366 2373
1366 2374
1370 2692
1373 1718
1374 1548
1375 1452
1376 1546
1376 1727
1377 1642
1378 1440
1378 1540
1378 2485
1379 1611
1380 1611
1380 1717
1381 1524
1383 1398
1383 1384
1385 1706
1385 1653
1386 2360
1386 1715
1388 1586
1389 2707
1390 1491
1393 1502
1393 1414
1393 1437
1393 1397
1395 1541
1399 1463
1401 2605
1401 1554
1405 1463
1406 1463
1407 1626
1407 1812
1408 1931
1408 1921
1409 2220
1409 2600
1409 2703
1409 1797
1411 2203
1412 1431
1415 1504
1415 1506
1415 1525
1417 1421
1418 2499
1419 1550
1422 1657
1423 2583
1424 1799
1424 1530
1425 1550
1427 1550
1428 1622
1428 2079
1428 2617
1428 2424
1428 2229
1428 2539
1428 2493
1428 1601
1428 2329
1429 1601
1430 1484
1432 1573
1437 1593
1441 1638
1441 1717
1442 1444
1442 1445
1443 1540
1447 1581
1447 1515
1448 1621
1450 1710
1451 1604
1455 1685
1455 1694
1456 1469
1457 1462
1458 1714
1459 2078
1459 2221
1459 1687
1459 2404
1459 1540
1461 1593
1462 1657
1463 1512
1464 1470
1466 1650
1469 1705
1469 1661
1471 1501
1471 1633
1473 1474
1474 1728
1475 1642
1478 2338
1479 2543
1479 2017
1480 1532
1481 1573
1482 1484
1483 1498
1483 2052
1483 2060
1484 1521
1484 1692
1484 1522
1484 1500
1486 1569
1487 1528
1487 1532
1488 1668
1488 1490
1491 1605
1492 1724
1493 1732
1498 1534
1498 2398
1498 2158
1498 2450
1500 2180
1503 1504
1503 1507
1503 1525
1504 1507
1504 1525
1504 1506
1505 2560
1506 1507
1506 1525
1508 1724
1510 2057
1512 1671
1512 1608
1513 1812
1515 1711
1515 1581
1517 1612
1518 1536
1520 1526
1520 1524
1520 1709
1524 1526
1527 2420
1527 1543
1527 2524
1527 2525
1527 2221
1527 2166
1527 2561
1527 2076
1527 1747
1527 2088
1527 1894
1530 2089
1533 1730
1534 1597
1534 1556
1535 1537
1536 1728
1536 2504
1537 1556
1538 1724
1539 2091
1545 1909
1545 1582
1549 1602
1550 1624
1550 1555
1552 1553
1552 1554
1553 1554
1557 1649
1557 1687
1558 2564
1559 1697
1559 2658
1559 1703
1559 1791
1559 1664
1559 1683
1560 2198
1562 1637
1564 1672
1566 1567
1569 1609
1569 1721
1569 1726
1569 1587
1569 1679
1569 1684
1570 1678
1571 2202
1572 1598
1573 1673
1573 2174
1576 1595
1577 1580
1578 1622
1578 1651
1580 1625
1581 1711
1582 1908
1582 1909
1582 2677
1582 2017
1583 2563
1583 2396
1584 1626
1584 2037
1584 2151
1588 2334
1591 1701
1592 1734
1595 1862
1595 1863
1595 1657
1595 1824
1595 1776
1595 2346
1595 1964
1595 2675
1599 1697
1601 1644
1601 2423
1603 2089
1606 2381
1608 2225
1613 1614
1613 1619
1614 1619
1615 1639
1618 2343
1619 1722
1619 1723
1626 1698
1626 1735
1631 2598
1631 2604
1631 2330
1631 2407
1632 1687
1635 1706
1636 2074
1636 1684
1640 2706
1643 1649
1644 1862
1644 1863
1644 2484
1644 2364
1644 1732
1644 2409
1644 2614
1644 2616
1644 2423
1644 1964
1647 2586
1647 2615
1647 2074
1647 1684
1647 1908
1649 1687
1652 1659
1656 2357
1656 1822
1656 1710
1663 1756
1663 2504
1664 1697
1667 1697
1668 2378
1668 1910
1668 2535
1674 1680
1679 1726
1681 1682
1683 1697
1684 1726
1686 2426
1686 2282
1689 1738
1690 1736
1696 1769
1696 1943
1696 1872
1696 1971
1696 2330
1696 2250
1696 2175
1696 1771
1697 1703
1698 2597
1699 2656
1705 2356
1713 1870
1713 1978
1713 1982
1713 1991
1713 1992
1713 2153
1713 1716
1713 2002
1713 2510
1715 1734
1716 2153
1716 1982
1716 1991
1718 2582
1718 2413
1718 2414
1718 1867
1718 2138
1719 2175
1719 2261
1719 1911
1719 2363
1722 1723
1728 1775
1732 2225
1732 2423
1736 1737
1741 1841
1742 2456
1743 2192
1744 2041
1745 2175
1745 2641
1746 1948
1747 2559
1747 2160
1747 2434
1748 2182
1749 2164
1750 2106
1751 2691
1752 2706
1753 2268
1754 1867
1754 1869
1755 2432
1756 2603
1756 2613
1757 2341
1757 2221
1757 1842
1758 2412
1759 2697
1759 2698
1759 2288
1760 1879
1761 2208
1762 2495
1762 2694
1763 2611
1764 1938
1764 1770
1765 1938
1765 1770
1766 1810
1767 2257
1768 2257
1769 2330
1770 1938
1771 1775
1771 1872
1772 2307
1772 2351
1773 2545
1774 1891
1774 1968
1774 2619
1775 2116
1775 2082
1775 1793
1775 1795
1776 2543
1777 2064
1777 1802
1778 2024
1779 2007
1780 2007
1781 2663
1781 1819
1782 2328
1783 2348
1784 2688
1784 2705
1784 2199
1785 2564
1786 2207
1787 2499
1787 2676
1788 2178
1788 2181
1788 1795
1789 2469
1790 2334
1791 1859
1792 2067
1793 2178
1793 2181
1793 1795
1793 2082
1794 2545
1794 2178
1794 1795
1795 2178
1795 2181
1795 2545
1795 2082
1796 2001
1796 1917
1797 2200
1798 2120
1799 2205
1800 1994
1800 1995
1800 1907
1800 1901
1800 2016
1801 1814
1801 1821
1802 2064
1803 1913
1804 2289
1804 1805
1805 2289
1806 2570
1806 2279
1807 2490
1808 2210
1809 2585
1809 2071
1811 2410
1812 2364
1813 2393
1813 1818
1815 2670
1815 2671
1816 2485
1816 1934
1817 2464
1818 2073
1818 2029
1819 2580
1820 2383
1820 2569
1822 2662
1823 2487
1823 2580
1824 2675
1824 2006
1825 1966
1826 2630
1827 1962
1827 2083
1827 2224
1827 2110
1828 2014
1828 2018
1829 2421
1830 2585
1830 2466
1831 1832
1831 1836
1832 2334
1832 1836
1833 2367
1834 1905
1835 2182
1835 2011
1836 2334
1837 2132
1838 2380
1838 1908
1838 2514
1839 2688
1839 2705
1840 2688
1840 2705
1842 2341
1843 2626
1844 1979
1844 1845
1845 1979
1846 2537
1846 1927
1846 1847
1847 1927
1848 2483
1849 2163
1850 2554
1851 1896
1852 2592
1853 2320
1853 1861
1854 2122
1854 1976
1854 2048
1854 2645
1854 2299
1854 2482
1854 1855
1854 1864
1855 2122
1855 2482
1855 1864
1855 2299
1855 2075
1856 2421
1857 2681
1857 2540
1857 2020
1858 2528
1858 2481
1860 2658
1860 2428
1860 2430
1862 2675
1862 1863
1862 1964
1863 1964
1864 2276
1864 2122
1865 2107
1866 2272
1868 2421
1869 2409
1870 2362
1871 2499
1873 1998
1874 1920
1875 1891
1875 2439
1875 2553
1876 2634
1877 2215
1878 2624
1878 2571
1879 2355
1880 2302
1881 2449
1881 2450
1882 1989
1883 2177
1884 1886
1884 1902
1884 1885
1885 1886
1885 1902
1886 1902
1887 2258
1887 1902
1888 2427
1889 2586
1889 2648
1890 2039
1892 2131
1893 1895
1893 1908
1894 2144
1894 2524
1896 2393
1897 2146
1897 2182
1898 2108
1898 2140
1899 2292
1900 2492
1901 2301
1903 2612
1904 2556
1906 2421
1907 1995
1907 2301
1908 2514
1908 2561
1909 2677
1910 2159
1910 2416
1910 2506
1910 2242
1910 2375
1910 2488
1910 2366
1910 2575
1910 2081
1910 2661
1911 2087
1911 2206
1912 1932
1914 2176
1915 2497
1915 1981
1916 2400
1917 2334
1918 2329
1919 2426
1919 2431
1921 1931
1921 2402
1922 2026
1923 2227
1923 1928
1923 2114
1924 2327
1924 2040
1925 2133
1925 2206
1925 2392
1926 1941
1927 2537
1928 2570
1928 2114
1928 2124
1929 2349
1930 2512
1931 2277
1931 2402
1931 2624
1932 2024
1933 2660
1934 2463
1935 2499
1935 2340
1936 1943
1937 2293
1939 2307
1940 2220
1940 2175
1940 2250
1942 2573
1944 2091
1945 1993
1946 2516
1947 2557
1949 1960
1950 2220
1950 2226
1951 2303
1952 2393
1952 2396
1952 2029
1953 2107
1954 2183
1954 2222
1954 2150
1955 2149
1955 2190
1955 2194
1956 2527
1956 2649
1957 2536
1958 2220
1958 2226
1959 2259
1961 2527
1961 2100
1962 2509
1963 2195
1964 2675
1965 2089
1967 2346
1968 2619
1969 2309
1969 2363
1969 2051
1969 2200
1970 2486
1971 2211
1972 2620
1973 2451
1974 2227
1975 2655
1975 2689
1975 2408
1977 2153
1977 2510
1977 2219
1977 2318
1978 2510
1980 2457
1980 2202
1981 2491
1982 2153
1983 2078
1984 2206
1984 2379
1985 2065
1986 2338
1986 2462
1987 2607
1988 2401
1990 2093
1991 2510
1992 2153
1993 2546
1994 2097
1994 2241
1994 1995
1995 2097
1996 1997
1999 2515
1999 2003
2000 2115
2002 2153
2002 2510
2003 2515
2004 2360
2004 2040
2005 2345
2008 2153
2008 2219
2008 2022
2009 2534
2010 2447
2011 2633
2011 2182
2012 2135
2013 2382
2014 2018
2015 2092
2015 2327
2015 2034
2017 2677
2019 2147
2021 2428
2021 2218
2022 2153
2022 2219
2023 2135
2025 2693
2025 2377
2025 2153
2026 2552
2027 2409
2028 2653
2029 2393
2030 2128
2030 2130
2030 2131
2030 2077
2030 2659
2030 2316
2031 2171
2032 2171
2033 2622
2034 2327
2035 2303
2036 2696
2037 2151
2038 2692
2039 2254
2040 2360
2042 2428
2043 2270
2044 2683
2045 2550
2046 2107
2047 2111
2049 2218
2049 2410
2049 2306
2050 2378
2052 2062
2053 2685
2053 2054
2053 2690
2054 2685
2055 2352
2056 2095
2057 2465
2057 2695
2057 2215
2058 2232
2059 2651
2060 2062
2061 2062
2062 2066
2063 2494
2065 2086
2066 2674
2068 2228
2069 2434
2070 2602
2070 2640
2072 2227
2074 2607
2074 2615
2076 2559
2078 2474
2078 2406
2079 2609
2080 2609
2080 2329
2081 2159
2081 2366
2082 2545
2082 2178
2083 2511
2084 2615
2085 2228
2087 2175
2087 2261
2088 2524
2088 2525
2088 2167
2090 2530
2091 2617
2091 2438
2094 2164
2095 2230
2096 2142
2098 2156
2098 2099
2100 2527
2101 2470
2102 2664
2103 2334
2104 2302
2105 2621
2106 2649
2107 2574
2107 2571
2107 2496
2108 2140
2109 2185
2111 2302
2112 2572
2113 2586
2113 2623
2114 2124
2116 2125
2117 2639
2118 2442
2119 2154
2121 2212
2123 2482
2126 2426
2126 2339
2126 2213
2126 2591
2127 2338
2128 2479
2129 2454
2131 2319
2133 2199
2133 2206
2134 2644
2135 2333
2135 2583
2136 2148
2137 2508
2138 2285
2139 2220
2139 2226
2140 2292
2141 2511
2141 2418
2143 2181
2145 2408
2146 2182
2147 2498
2147 2499
2149 2188
2149 2190
2149 2194
2150 2183
2150 2179
2150 2305
2150 2222
2151 2342
2152 2429
2153 2699
2153 2219
2153 2318
2155 2467
2157 2565
2158 2449
2159 2661
2160 2434
2161 2167
2162 2586
2162 2599
2164 2521
2165 2363
2165 2193
2166 2524
2166 2167
2168 2350
2169 2420
2170 2237
2172 2692
2173 2204
2174 2687
2175 2361
2175 2249
2175 2250
2175 2206
2175 2259
2176 2535
2178 2545
2178 2582
2178 2181
2179 2183
2180 2577
2182 2633
2183 2305
2184 2398
2186 2321
2187 2314
2187 2321
2188 2189
2188 2190
2188 2194
2189 2190
2189 2365
2189 2194
2190 2365
2190 2194
2191 2275
2196 2267
2197 2342
2198 2537
2198 2695
2200 2703
2201 2233
2202 2638
2203 2397
2203 2405
2206 2261
2206 2379
2208 2234
2208 2235
2208 2313
2209 2689
2213 2253
2213 2290
2213 2539
2214 2223
2215 2650
2216 2361
2216 2688
2216 2705
2217 2282
2218 2337
2220 2478
2220 2600
2220 2563
2220 2226
2220 2252
2221 2404
2225 2423
2226 2478
2227 2390
2229 2663
2231 2635
2236 2542
2236 2435
2236 2262
2237 2274
2238 2271
2239 2507
2239 2513
2239 2413
2239 2414
2240 2466
2242 2458
2242 2661
2243 2244
2243 2245
2245 2471
2246 2475
2246 2356
2247 2701
2247 2263
2248 2296
2249 2271
2250 2271
2251 2296
2252 2271
2252 2277
2253 2591
2254 2347
2255 2412
2256 2597
2257 2444
2259 2271
2259 2261
2260 2501
2262 2542
2262 2435
2263 2701
2264 2519
2265 2347
2266 2421
2268 2445
2268 2275
2269 2277
2273 2360
2275 2445
2275 2522
2277 2624
2278 2284
2279 2579
2280 2286
2281 2429
2282 2426
2283 2284
2285 2311
2287 2315
2288 2697
2290 2291
2294 2380
2294 2529
2295 2667
2297 2304
2298 2518
2300 2636
2301 2588
2306 2594
2308 2652
2310 2583
2310 2607
2311 2448
2312 2587
2316 2659
2317 2429
2317 2624
2319 2479
2320 2511
2321 2370
2322 2498
2322 2499
2322 2500
2323 2419
2324 2326
2325 2538
2329 2589
2330 2598
2330 2604
2331 2694
2332 2334
2333 2583
2334 2353
2335 2378
2336 2579
2337 2606
2337 2610
2338 2677
2338 2443
2341 2425
2342 2593
2342 2577
2343 2443
2344 2707
2345 2511
2345 2418
2348 2682
2354 2360
2354 2455
2357 2499
2358 2503
2359 2520
2362 2510
2365 2668
2366 2506
2366 2575
2366 2458
2367 2577
2368 2642
2369 2607
2371 2489
2372 2398
2372 2489
2373 2507
2373 2413
2373 2414
2373 2374
2374 2507
2374 2513
2375 2416
2375 2661
2376 2499
2376 2500
2376 2422
2380 2514
2380 2561
2381 2667
2384 2460
2385 2499
2385 2676
2386 2387
2388 2575
2389 2421
2391 2427
2391 2548
2394 2427
2395 2665
2396 2563
2397 2405
2398 2399
2399 2626
2403 2581
2407 2704
2409 2672
2409 2543
2411 2666
2415 2530
2416 2506
2417 2532
2418 2511
2421 2654
2421 2590
2422 2499
2422 2500
2423 2627
2423 2657
2424 2589
2425 2474
2426 2493
2426 2431
2427 2548
2427 2591
2429 2624
2429 2667
2430 2647
2431 2591
2433 2437
2436 2649
2440 2543
2441 2585
2446 2451
2448 2526
2449 2450
2452 2595
2453 2666
2458 2506
2459 2606
2461 2492
2467 2468
2470 2643
2470 2646
2472 2476
2473 2551
2477 2678
2480 2485
2482 2645
2484 2614
2484 2616
2486 2586
2492 2547
2495 2694
2496 2571
2498 2567
2498 2500
2498 2499
2499 2505
2499 2500
2502 2605
2504 2667
2506 2575
2506 2661
2508 2577
2509 2618
2514 2558
2517 2533
2521 2529
2523 2684
2531 2566
2536 2629
2541 2673
2543 2674
2544 2568
2549 2608
2555 2560
2562 2595
2576 2678
2578 2679
2584 2632
2596 2669
2596 2680
2596 2686
2601 2631
2606 2662
2606 2611
2612 2625
2614 2616
2624 2702
2626 2656
2628 2629
2637 2652
2643 2646
2647 2658
2695 2696
2697 2700
2697 2698
2698 2700
